0 999999 999999 31 85 56 999999 40 32 999999 999999 999999 46 999999 93 53 999999 40 93 999999 999999 999999 46 83 999999 19 999999 59 999999 71 94 999999 93 48 38 40 999999 999999 80 999999 77 999999 38 999999 999999 94 53 999999 12 81 45 13 999999 89 88 999999 68 66 31 999999 86 64 10 33 999999 999999 999999 999999 999999 999999 19 75 64 81 51 39 999999 999999 78 999999 71 999999 39 999999 100 87 999999 999999 999999 999999 52 10 41 57 999999 999999 60 999999 50 72 
31 0 999999 30 999999 32 56 999999 20 999999 15 999999 999999 98 999999 96 999999 39 999999 999999 999999 35 15 32 77 999999 999999 87 82 999999 999999 999999 999999 45 79 999999 999999 999999 71 999999 999999 54 56 27 999999 77 999999 999999 46 999999 39 40 999999 54 90 999999 999999 76 999999 999999 999999 999999 999999 53 999999 999999 999999 999999 999999 55 999999 22 999999 999999 67 999999 59 58 31 24 999999 29 14 999999 81 56 75 999999 999999 93 65 10 67 44 999999 74 999999 88 999999 47 
999999 999999 0 999999 999999 999999 999999 30 999999 73 73 999999 999999 81 999999 42 17 999999 999999 41 999999 39 89 999999 38 999999 49 999999 62 88 999999 999999 97 65 44 75 999999 36 97 90 999999 45 999999 999999 71 69 999999 90 999999 999999 70 16 999999 99 999999 10 90 85 96 999999 40 79 999999 999999 82 41 999999 30 999999 999999 53 79 999999 999999 33 999999 100 94 999999 38 999999 999999 999999 999999 999999 999999 999999 999999 999999 81 999999 999999 15 20 999999 999999 999999 60 72 999999 
87 42 58 0 999999 999999 999999 999999 999999 999999 56 999999 100 84 29 24 999999 999999 999999 61 999999 999999 999999 67 999999 99 999999 999999 33 91 999999 31 999999 999999 55 49 999999 999999 999999 96 100 999999 999999 38 32 13 17 22 999999 999999 97 999999 44 100 999999 999999 999999 999999 999999 999999 37 999999 999999 16 999999 999999 999999 999999 37 68 999999 999999 97 14 92 31 999999 999999 999999 999999 999999 35 999999 51 999999 999999 61 21 71 999999 999999 999999 999999 22 36 999999 999999 32 999999 999999 
23 999999 35 93 0 999999 999999 999999 29 999999 999999 999999 66 55 63 43 26 71 50 999999 999999 64 999999 999999 98 29 81 999999 999999 999999 68 30 999999 999999 66 999999 999999 999999 999999 32 999999 18 40 999999 999999 86 999999 999999 999999 999999 63 27 81 60 40 83 45 999999 99 84 19 999999 42 999999 999999 999999 999999 999999 45 95 68 999999 999999 52 11 28 999999 32 999999 15 999999 59 40 999999 75 42 999999 86 999999 68 999999 48 999999 999999 999999 999999 999999 999999 61 999999 
70 95 17 999999 86 0 91 999999 89 999999 999999 999999 999999 70 24 999999 69 999999 999999 999999 43 999999 10 20 999999 999999 38 999999 77 999999 999999 83 999999 24 47 81 999999 37 72 53 999999 999999 999999 21 999999 999999 26 82 32 999999 999999 999999 89 29 999999 999999 999999 69 22 17 87 62 999999 55 999999 51 999999 60 70 44 999999 47 64 79 61 70 999999 999999 80 16 10 78 46 999999 44 999999 999999 64 999999 999999 12 999999 999999 999999 999999 41 999999 52 72 63 
999999 999999 999999 80 48 999999 0 999999 999999 30 999999 91 999999 999999 47 999999 36 68 94 55 999999 999999 54 33 94 999999 999999 999999 999999 32 67 999999 66 999999 999999 999999 75 999999 19 999999 999999 63 93 54 999999 999999 999999 999999 97 999999 999999 999999 999999 95 999999 999999 69 999999 44 70 999999 999999 56 999999 999999 999999 99 69 73 999999 999999 999999 999999 35 73 999999 999999 999999 999999 75 30 999999 50 23 999999 999999 999999 28 999999 27 86 73 999999 98 88 999999 30 999999 59 34 
999999 999999 55 26 87 999999 18 0 17 50 999999 999999 37 999999 999999 68 999999 999999 66 31 56 13 74 22 94 17 999999 59 999999 27 999999 47 999999 999999 999999 999999 90 73 25 999999 999999 999999 73 61 999999 45 28 999999 10 90 13 999999 67 68 999999 44 999999 89 70 81 999999 33 27 11 999999 33 68 52 999999 999999 999999 999999 90 85 80 46 999999 30 999999 999999 999999 73 64 37 47 92 63 999999 999999 999999 60 999999 31 57 20 999999 34 999999 84 999999 
46 18 999999 999999 13 999999 999999 38 0 50 37 999999 999999 49 88 999999 11 91 75 999999 999999 999999 30 999999 32 37 73 65 56 999999 75 999999 48 11 53 28 45 999999 999999 999999 999999 90 999999 56 999999 999999 999999 999999 75 999999 999999 97 87 68 999999 75 67 40 999999 61 62 999999 999999 999999 999999 999999 999999 88 999999 59 999999 54 92 999999 62 39 48 999999 79 29 999999 37 999999 51 45 999999 61 999999 40 999999 22 67 43 999999 88 999999 57 999999 999999 44 
999999 91 32 84 999999 999999 83 999999 52 0 10 999999 21 69 999999 48 999999 999999 999999 59 84 999999 52 84 999999 999999 999999 88 999999 18 999999 999999 999999 60 35 999999 999999 999999 72 999999 21 95 999999 85 18 999999 999999 999999 999999 999999 999999 21 74 34 62 999999 999999 69 21 74 11 999999 15 999999 999999 61 71 999999 66 999999 90 999999 999999 16 14 28 999999 12 68 999999 999999 73 63 80 999999 999999 999999 71 94 999999 76 999999 93 94 999999 96 999999 33 37 73 
39 12 19 37 38 67 999999 999999 999999 36 0 30 74 84 38 999999 999999 999999 37 999999 14 30 60 999999 62 25 999999 23 20 999999 79 999999 99 999999 72 999999 999999 999999 999999 999999 999999 32 999999 999999 999999 999999 32 999999 999999 999999 999999 999999 999999 999999 36 999999 999999 999999 77 999999 999999 999999 999999 91 25 999999 41 999999 999999 999999 999999 999999 46 44 999999 34 999999 72 999999 999999 80 61 999999 999999 16 59 999999 50 55 999999 999999 999999 26 11 999999 999999 99 999999 999999 46 
999999 63 999999 66 999999 999999 999999 999999 72 80 999999 0 999999 999999 999999 999999 999999 999999 80 41 34 999999 999999 999999 18 90 999999 999999 999999 55 26 999999 18 999999 999999 999999 92 74 14 33 37 999999 999999 18 26 21 999999 999999 85 92 999999 41 999999 32 68 46 87 999999 23 31 93 32 24 999999 39 58 65 98 45 96 75 999999 999999 73 13 80 80 999999 64 999999 999999 999999 999999 999999 999999 999999 10 999999 98 87 999999 999999 999999 19 70 999999 76 999999 40 999999 
95 47 999999 999999 13 999999 73 999999 999999 99 24 14 0 999999 999999 999999 50 87 38 999999 999999 999999 95 999999 999999 96 28 999999 999999 53 20 25 52 44 999999 999999 999999 81 999999 999999 92 999999 999999 999999 999999 39 56 999999 999999 999999 999999 45 83 999999 10 999999 23 999999 41 76 999999 999999 999999 97 999999 93 62 10 84 79 78 999999 999999 999999 999999 999999 50 999999 999999 999999 999999 999999 999999 64 39 999999 37 55 999999 36 999999 999999 46 67 999999 22 79 999999 31 999999 
999999 93 90 999999 999999 60 999999 96 999999 65 999999 999999 62 0 999999 999999 72 40 999999 999999 43 999999 999999 999999 30 12 58 23 999999 23 999999 999999 999999 16 999999 73 999999 16 47 95 36 63 999999 95 40 999999 83 999999 999999 12 999999 999999 93 999999 81 89 999999 999999 999999 999999 99 16 999999 22 999999 41 999999 999999 51 58 999999 67 999999 50 24 90 999999 999999 97 28 86 999999 93 17 999999 33 999999 999999 94 999999 73 999999 91 65 67 47 999999 44 49 70 
44 68 999999 34 999999 40 61 999999 999999 999999 63 999999 999999 999999 0 80 999999 999999 95 999999 17 19 10 999999 999999 97 999999 999999 19 999999 83 999999 999999 999999 52 999999 34 999999 15 29 31 999999 29 999999 999999 999999 38 999999 999999 999999 999999 55 77 89 62 66 999999 78 100 999999 999999 50 13 999999 999999 64 999999 999999 90 999999 30 999999 999999 999999 57 87 999999 90 999999 999999 99 33 94 58 999999 999999 94 999999 999999 999999 10 999999 999999 63 30 999999 999999 90 69 999999 
999999 999999 999999 41 15 999999 92 999999 11 48 22 31 14 23 999999 0 100 90 26 999999 999999 32 999999 999999 999999 999999 55 999999 89 999999 27 999999 999999 999999 999999 999999 59 999999 60 47 25 93 93 48 999999 999999 41 45 59 36 59 999999 85 18 24 999999 17 999999 999999 76 84 999999 19 999999 999999 12 97 999999 66 999999 43 90 99 79 26 29 999999 999999 68 79 999999 23 63 18 999999 31 37 41 999999 75 53 999999 999999 79 100 999999 48 45 999999 999999 
999999 56 47 999999 65 42 31 68 28 999999 999999 999999 84 999999 46 70 0 999999 78 36 69 95 41 65 31 87 999999 24 66 86 57 94 999999 999999 73 999999 999999 86 49 92 41 17 999999 999999 71 67 79 29 40 999999 999999 999999 999999 16 999999 38 999999 999999 999999 999999 999999 29 76 29 89 999999 999999 40 93 70 91 85 28 52 999999 999999 999999 999999 999999 999999 73 36 999999 999999 999999 999999 999999 42 999999 999999 999999 999999 25 22 999999 999999 64 70 999999 999999 
999999 999999 74 32 999999 999999 999999 999999 999999 42 20 96 80 999999 999999 999999 70 0 999999 999999 999999 66 999999 999999 999999 25 92 94 53 89 30 999999 79 96 46 74 999999 999999 999999 999999 64 999999 999999 999999 42 27 20 999999 999999 97 999999 999999 999999 53 999999 999999 999999 999999 999999 82 999999 33 999999 999999 34 11 999999 23 50 999999 11 999999 999999 999999 999999 999999 29 999999 88 999999 80 56 24 999999 59 90 999999 999999 999999 999999 999999 77 46 999999 999999 96 68 999999 79 999999 
999999 32 999999 999999 32 999999 999999 999999 999999 999999 999999 65 28 999999 67 999999 999999 55 0 24 45 12 52 999999 999999 97 61 95 86 999999 999999 999999 98 93 95 999999 999999 999999 999999 18 999999 58 999999 999999 85 999999 999999 999999 45 999999 59 999999 19 93 999999 999999 51 34 999999 999999 46 999999 999999 72 999999 999999 63 999999 999999 999999 57 999999 999999 999999 999999 25 41 999999 999999 999999 999999 999999 75 82 91 66 58 63 999999 71 999999 999999 71 61 999999 999999 999999 98 60 30 
999999 80 999999 26 999999 20 72 999999 999999 999999 999999 999999 999999 999999 999999 999999 999999 84 999999 0 98 97 999999 999999 99 999999 999999 999999 999999 999999 64 999999 999999 999999 999999 999999 999999 999999 91 999999 999999 999999 999999 79 52 31 999999 999999 999999 99 67 999999 999999 999999 999999 999999 51 999999 999999 999999 999999 999999 999999 999999 94 999999 999999 999999 79 999999 999999 999999 999999 999999 99 999999 999999 999999 999999 82 999999 999999 52 88 13 61 999999 72 999999 999999 94 999999 82 999999 999999 35 999999 999999 32 50 
71 68 39 95 24 999999 999999 999999 94 62 87 999999 999999 999999 999999 31 999999 51 999999 30 0 999999 999999 999999 39 999999 91 999999 77 999999 25 999999 24 34 999999 999999 999999 65 999999 999999 999999 79 37 62 999999 37 43 79 47 14 999999 999999 12 999999 38 999999 51 64 999999 44 999999 999999 999999 75 999999 12 85 12 999999 999999 54 999999 999999 39 999999 999999 50 999999 39 999999 10 999999 32 999999 999999 54 85 77 89 35 93 28 87 999999 19 69 999999 999999 999999 13 
97 45 37 61 85 999999 16 999999 22 999999 39 999999 91 35 100 999999 85 66 34 11 999999 0 20 999999 85 19 45 65 999999 999999 999999 55 26 999999 90 92 999999 38 999999 93 999999 31 27 999999 999999 86 95 999999 93 36 999999 58 999999 84 39 999999 49 48 999999 999999 999999 999999 55 999999 999999 999999 61 94 63 72 75 999999 59 999999 38 10 999999 999999 999999 999999 999999 38 999999 65 999999 26 61 69 78 999999 63 71 50 999999 999999 999999 999999 999999 999999 72 
36 999999 18 81 999999 74 80 62 42 999999 999999 69 78 999999 999999 76 100 26 999999 999999 63 999999 0 96 58 999999 999999 18 79 19 31 999999 51 999999 95 999999 999999 59 46 96 999999 87 91 17 74 92 999999 67 999999 43 999999 999999 48 999999 999999 999999 75 58 34 999999 999999 999999 63 68 999999 52 999999 71 999999 88 75 95 999999 59 43 999999 999999 999999 999999 999999 999999 49 999999 999999 999999 999999 999999 62 47 999999 40 999999 88 50 18 999999 49 999999 999999 999999 
999999 999999 43 50 999999 39 999999 73 999999 47 24 60 999999 999999 29 71 999999 999999 999999 92 92 999999 87 0 40 999999 999999 999999 24 82 41 999999 81 44 80 32 999999 999999 999999 999999 14 69 45 999999 22 999999 999999 999999 999999 999999 57 999999 71 999999 57 75 999999 999999 86 999999 48 23 16 18 61 999999 999999 27 999999 74 999999 999999 999999 999999 999999 999999 999999 999999 999999 62 999999 999999 999999 999999 999999 999999 999999 36 999999 999999 999999 999999 91 27 62 95 56 999999 999999 29 
999999 999999 46 67 999999 999999 999999 15 999999 999999 35 48 75 39 93 999999 82 100 999999 999999 31 40 999999 999999 0 80 999999 73 999999 64 999999 999999 999999 42 999999 79 999999 17 35 96 34 999999 81 999999 99 999999 999999 23 90 94 74 999999 30 999999 999999 999999 78 53 10 49 87 55 999999 75 999999 999999 63 999999 44 19 999999 999999 10 999999 999999 49 32 999999 60 59 44 999999 17 999999 999999 999999 89 73 999999 31 999999 999999 999999 999999 999999 999999 999999 999999 80 999999 
999999 999999 999999 999999 999999 96 59 999999 24 10 999999 38 999999 50 999999 40 999999 999999 85 22 55 999999 44 999999 999999 0 68 96 68 79 23 999999 999999 77 999999 18 87 89 97 999999 999999 34 999999 63 64 75 999999 55 999999 52 999999 16 999999 999999 32 999999 84 11 999999 75 999999 49 999999 31 999999 999999 60 999999 999999 33 21 93 15 37 88 999999 36 999999 76 999999 70 999999 999999 999999 999999 92 999999 12 55 999999 49 999999 999999 93 999999 999999 999999 999999 999999 68 
999999 999999 999999 39 16 84 999999 999999 36 999999 999999 999999 47 28 999999 44 66 999999 999999 999999 999999 999999 999999 999999 999999 65 0 999999 999999 999999 999999 999999 999999 999999 27 39 10 34 62 999999 41 999999 999999 89 97 999999 22 999999 999999 999999 61 999999 999999 999999 84 14 50 999999 999999 95 98 999999 999999 999999 999999 86 24 50 57 22 999999 999999 999999 999999 999999 999999 40 92 21 999999 999999 41 999999 999999 68 84 30 15 79 999999 999999 87 999999 82 35 999999 50 999999 69 999999 
999999 999999 999999 999999 999999 71 999999 11 999999 86 999999 47 80 999999 999999 28 31 999999 47 999999 999999 999999 66 999999 23 43 98 0 999999 999999 999999 999999 999999 999999 999999 26 999999 999999 65 999999 38 999999 999999 999999 54 999999 54 64 999999 999999 17 98 11 999999 999999 999999 999999 999999 16 64 999999 100 25 93 89 81 37 15 999999 999999 999999 999999 19 999999 999999 999999 11 999999 28 999999 81 999999 66 12 999999 30 41 66 64 11 56 31 999999 999999 72 83 39 80 33 92 
999999 999999 76 999999 999999 37 77 999999 29 50 47 80 76 79 31 98 73 54 999999 96 34 64 999999 93 61 67 999999 95 0 999999 999999 50 999999 999999 999999 999999 47 999999 26 78 33 35 999999 999999 12 999999 999999 30 12 999999 12 999999 999999 16 42 999999 999999 59 999999 999999 43 999999 47 67 999999 999999 999999 75 35 999999 76 999999 63 46 86 32 41 999999 999999 61 84 999999 75 999999 999999 999999 999999 999999 999999 30 97 16 999999 999999 83 999999 21 65 999999 25 
14 55 54 999999 41 999999 71 999999 999999 18 97 42 999999 11 999999 67 999999 999999 12 15 999999 32 999999 999999 999999 76 999999 999999 999999 0 999999 999999 999999 23 56 48 67 999999 81 100 999999 999999 999999 99 45 999999 35 999999 72 87 86 999999 53 999999 999999 999999 53 17 15 999999 999999 999999 999999 999999 51 73 999999 48 46 31 30 999999 999999 999999 999999 70 999999 999999 20 75 43 43 74 999999 999999 999999 11 999999 11 999999 999999 30 999999 999999 94 91 999999 47 78 999999 
999999 999999 999999 74 999999 999999 999999 999999 85 35 999999 78 999999 999999 999999 999999 999999 999999 999999 64 46 31 999999 68 54 38 91 999999 35 999999 0 999999 999999 15 32 18 74 999999 999999 17 999999 46 999999 38 48 49 33 31 999999 87 999999 91 70 17 999999 30 39 999999 79 70 999999 999999 999999 33 999999 999999 999999 999999 999999 999999 91 999999 999999 25 75 999999 999999 999999 999999 999999 999999 999999 999999 62 25 58 83 999999 98 999999 999999 999999 90 30 89 22 14 999999 42 999999 
23 97 999999 999999 999999 83 17 999999 15 999999 999999 12 29 20 999999 999999 57 96 999999 71 999999 999999 999999 62 999999 100 999999 999999 999999 999999 10 0 79 98 67 999999 75 999999 999999 30 999999 999999 25 999999 88 999999 73 63 999999 999999 98 999999 90 999999 999999 999999 999999 999999 999999 79 999999 999999 39 93 89 13 999999 12 76 49 999999 23 999999 57 29 999999 999999 50 999999 999999 999999 999999 72 25 76 999999 61 999999 999999 999999 999999 999999 69 999999 10 999999 999999 999999 46 999999 
23 999999 999999 92 64 99 58 52 999999 999999 23 999999 999999 999999 40 999999 999999 999999 999999 44 999999 999999 999999 999999 999999 999999 999999 77 999999 999999 999999 60 0 92 999999 84 30 999999 75 999999 999999 999999 999999 999999 999999 999999 14 60 37 10 999999 999999 999999 27 999999 999999 79 18 80 999999 999999 88 34 999999 56 56 14 54 56 999999 999999 999999 65 999999 999999 66 999999 999999 999999 25 999999 47 999999 999999 66 14 999999 80 999999 999999 999999 999999 45 999999 999999 999999 100 999999 62 999999 
69 15 100 41 999999 50 999999 36 84 999999 85 999999 999999 999999 93 999999 57 999999 57 32 999999 999999 20 43 62 999999 999999 31 999999 999999 999999 999999 52 0 40 15 999999 999999 83 999999 999999 78 32 94 999999 43 46 999999 78 59 999999 999999 999999 55 69 999999 68 81 999999 73 999999 100 999999 999999 999999 86 49 92 15 23 999999 999999 46 19 999999 999999 42 999999 999999 51 999999 999999 90 72 999999 53 999999 999999 81 83 999999 33 999999 999999 57 52 999999 99 39 999999 
11 999999 12 999999 999999 999999 999999 17 18 999999 75 32 93 54 999999 999999 999999 17 999999 999999 29 90 41 999999 999999 51 50 35 999999 53 36 56 999999 999999 0 17 23 22 999999 999999 999999 999999 35 26 999999 86 999999 71 60 999999 23 70 49 93 78 999999 20 999999 999999 999999 48 999999 65 999999 999999 999999 999999 47 999999 999999 999999 999999 999999 999999 999999 999999 21 34 999999 999999 999999 999999 999999 999999 999999 999999 999999 999999 999999 999999 37 999999 35 12 43 999999 999999 999999 999999 42 
999999 999999 18 95 16 999999 999999 999999 999999 47 77 999999 21 999999 999999 70 26 12 999999 26 74 999999 999999 58 69 999999 999999 999999 999999 85 13 23 999999 26 33 0 54 999999 37 74 85 74 999999 20 999999 999999 37 90 14 67 13 44 999999 32 46 999999 31 999999 34 98 999999 999999 999999 999999 999999 46 999999 999999 31 999999 32 23 999999 999999 999999 999999 999999 59 48 49 16 27 21 999999 999999 999999 999999 999999 39 78 999999 999999 35 999999 999999 999999 999999 999999 34 999999 
999999 35 999999 999999 999999 999999 68 75 999999 999999 999999 999999 999999 63 999999 53 75 999999 35 999999 999999 999999 90 12 999999 999999 999999 999999 999999 999999 22 999999 53 999999 95 28 0 999999 999999 999999 999999 80 999999 59 58 999999 84 999999 999999 999999 25 999999 999999 999999 70 999999 999999 47 90 999999 65 93 999999 999999 999999 18 999999 36 90 47 999999 999999 87 72 67 34 999999 45 25 55 67 999999 11 999999 42 999999 999999 90 40 999999 999999 39 999999 47 24 999999 80 999999 999999 999999 
18 999999 21 999999 51 61 999999 15 14 999999 48 75 999999 59 999999 40 55 999999 59 65 72 999999 76 65 999999 83 999999 999999 69 999999 86 999999 27 999999 60 999999 13 0 29 89 98 55 999999 999999 43 999999 14 37 30 999999 79 97 50 38 999999 81 999999 999999 27 999999 97 999999 14 97 999999 11 999999 30 97 999999 48 999999 999999 999999 999999 48 999999 37 999999 65 74 999999 98 999999 42 999999 39 999999 35 999999 61 999999 999999 64 18 49 999999 28 55 87 
999999 999999 999999 95 999999 100 999999 28 999999 999999 93 64 999999 40 52 72 999999 999999 74 999999 99 71 999999 999999 29 32 999999 11 999999 35 51 74 88 999999 999999 51 94 43 0 27 62 999999 999999 63 63 999999 999999 76 999999 70 999999 10 56 999999 999999 999999 38 999999 999999 72 97 24 91 999999 999999 999999 20 24 32 61 999999 95 89 999999 999999 999999 999999 999999 67 999999 999999 19 999999 999999 999999 76 999999 999999 999999 43 999999 95 60 999999 999999 65 46 26 36 73 
42 999999 36 59 65 40 64 75 14 49 999999 999999 999999 999999 999999 86 999999 62 84 53 91 999999 999999 999999 50 32 58 81 40 999999 999999 58 999999 94 999999 999999 83 77 999999 0 999999 999999 100 87 11 999999 13 39 17 69 30 999999 999999 91 18 31 999999 100 43 999999 999999 72 45 999999 98 62 999999 999999 999999 999999 999999 999999 999999 36 98 62 14 999999 11 999999 95 999999 63 999999 999999 89 999999 90 999999 999999 999999 999999 999999 999999 999999 999999 58 999999 53 999999 
999999 56 55 999999 999999 51 999999 78 63 89 999999 44 54 999999 999999 999999 18 999999 999999 999999 82 50 91 999999 999999 47 999999 97 999999 999999 999999 999999 85 999999 999999 40 21 999999 999999 71 0 999999 34 87 39 43 60 83 38 999999 16 999999 40 999999 999999 999999 10 34 18 999999 999999 58 26 27 44 999999 77 999999 999999 50 12 70 999999 999999 73 999999 52 999999 999999 52 29 999999 999999 999999 67 999999 39 93 999999 999999 999999 12 999999 999999 54 84 95 999999 93 999999 
999999 999999 76 92 64 999999 34 49 999999 999999 22 999999 12 999999 46 999999 68 48 999999 999999 999999 999999 80 81 79 86 15 33 999999 27 75 999999 999999 999999 999999 95 77 31 43 97 59 0 999999 29 33 17 60 46 94 999999 999999 999999 999999 999999 999999 999999 20 999999 999999 999999 100 999999 25 999999 999999 62 57 63 999999 65 10 999999 999999 24 999999 20 999999 999999 47 999999 15 93 96 54 999999 999999 67 999999 60 999999 999999 76 51 999999 999999 999999 999999 43 999999 13 
77 999999 48 37 999999 36 54 999999 48 999999 999999 95 71 999999 91 89 999999 999999 89 47 999999 69 999999 96 43 999999 56 999999 61 42 999999 13 98 999999 999999 92 999999 999999 999999 81 17 999999 0 49 999999 999999 33 999999 999999 999999 999999 21 999999 85 94 999999 22 47 76 999999 57 56 57 99 59 54 999999 999999 16 19 999999 999999 74 95 72 999999 94 83 76 999999 34 999999 30 999999 80 999999 98 999999 30 13 99 70 999999 13 10 49 999999 999999 91 999999 
999999 999999 46 999999 999999 999999 999999 94 32 999999 98 27 37 83 45 49 64 82 999999 49 999999 55 63 999999 86 40 999999 999999 15 999999 14 18 999999 52 80 999999 999999 49 999999 50 89 999999 60 0 24 46 999999 999999 999999 999999 70 999999 23 26 31 999999 59 999999 999999 70 58 999999 16 999999 999999 97 999999 999999 88 72 72 50 54 999999 56 40 999999 999999 999999 57 999999 92 999999 52 999999 999999 80 999999 44 14 16 85 83 36 81 999999 95 999999 67 999999 
27 39 999999 97 999999 999999 37 999999 19 999999 67 79 45 25 15 33 73 999999 999999 14 999999 77 51 75 47 999999 999999 999999 89 999999 61 999999 54 999999 77 25 999999 999999 95 999999 40 90 22 999999 0 999999 91 999999 999999 999999 999999 999999 13 999999 20 999999 999999 999999 58 54 999999 999999 999999 13 81 81 18 47 75 41 999999 71 999999 24 43 999999 999999 28 80 53 999999 999999 999999 999999 60 999999 86 999999 999999 999999 999999 999999 999999 999999 999999 44 999999 999999 999999 999999 
42 999999 19 999999 43 64 77 999999 38 99 11 83 999999 999999 999999 22 30 999999 97 52 999999 34 999999 56 89 999999 999999 999999 999999 64 74 53 999999 95 77 56 52 31 999999 88 34 999999 46 999999 27 0 999999 999999 21 999999 999999 54 999999 999999 999999 999999 88 999999 19 67 94 999999 999999 40 999999 999999 999999 34 97 999999 999999 58 19 999999 999999 100 999999 50 999999 999999 999999 23 999999 40 45 999999 999999 999999 32 999999 999999 999999 999999 33 99 999999 999999 999999 999999 999999 
999999 64 999999 37 999999 72 999999 999999 75 13 999999 999999 999999 999999 57 999999 87 999999 999999 999999 999999 99 999999 999999 999999 999999 23 55 72 80 89 999999 999999 34 999999 87 999999 999999 42 999999 999999 999999 76 70 999999 55 0 46 999999 66 33 59 88 999999 14 16 999999 97 75 78 73 87 14 999999 82 51 999999 69 35 999999 999999 999999 94 999999 999999 999999 999999 93 37 999999 999999 93 999999 999999 85 93 88 999999 44 999999 999999 999999 81 11 35 36 999999 51 83 100 
999999 999999 999999 999999 999999 54 21 94 999999 999999 999999 76 999999 76 999999 999999 999999 999999 999999 64 63 81 73 999999 999999 30 999999 999999 999999 999999 999999 999999 85 999999 44 999999 79 999999 999999 46 26 999999 999999 999999 28 999999 51 0 999999 47 20 60 89 86 999999 83 97 999999 999999 999999 53 77 71 92 999999 999999 999999 999999 35 85 999999 999999 999999 88 87 100 999999 999999 31 999999 89 999999 67 62 999999 93 56 64 16 22 13 84 999999 36 999999 91 999999 71 57 999999 
32 67 20 999999 47 999999 999999 999999 86 999999 69 80 81 14 999999 999999 43 999999 999999 999999 999999 999999 71 79 999999 45 999999 93 98 12 999999 43 65 999999 999999 14 18 93 24 47 999999 40 87 29 999999 85 11 999999 0 88 999999 999999 20 28 999999 999999 999999 999999 999999 61 999999 999999 999999 20 61 999999 999999 999999 999999 84 999999 999999 999999 62 77 999999 999999 66 90 36 999999 89 100 85 53 999999 999999 999999 73 14 999999 999999 999999 98 999999 999999 999999 21 999999 84 
77 72 999999 999999 999999 999999 97 98 28 55 999999 999999 999999 999999 999999 64 91 999999 81 999999 83 999999 999999 26 47 75 999999 47 999999 66 10 45 999999 999999 71 96 999999 999999 20 999999 999999 999999 999999 53 91 15 999999 69 10 0 999999 46 24 26 51 64 999999 999999 999999 70 999999 83 999999 999999 23 999999 999999 999999 33 70 999999 48 999999 18 999999 53 28 71 16 60 999999 999999 35 999999 999999 999999 999999 999999 32 999999 56 999999 999999 999999 999999 23 11 999999 76 999999 
999999 91 999999 95 999999 69 999999 96 999999 999999 999999 86 999999 999999 78 999999 999999 999999 45 92 45 37 999999 99 999999 999999 91 28 999999 79 56 999999 77 999999 37 999999 999999 60 31 999999 999999 47 56 999999 45 999999 999999 999999 90 999999 0 50 46 42 999999 999999 28 51 67 78 84 15 999999 89 999999 29 80 999999 999999 95 999999 78 49 999999 62 91 43 999999 999999 999999 999999 31 28 999999 999999 999999 999999 999999 999999 999999 49 75 999999 999999 45 51 999999 999999 999999 20 
23 35 46 29 999999 76 999999 999999 999999 76 999999 83 33 999999 999999 999999 999999 999999 77 999999 10 999999 999999 12 41 15 55 999999 999999 999999 999999 999999 999999 999999 28 35 25 999999 999999 18 999999 86 999999 999999 999999 999999 999999 100 16 15 69 0 10 40 999999 999999 81 999999 44 30 44 999999 999999 15 999999 999999 999999 999999 15 89 96 67 999999 999999 16 71 999999 999999 999999 999999 33 93 50 999999 89 999999 999999 69 999999 999999 30 38 88 17 999999 65 54 999999 94 999999 
62 999999 45 999999 32 46 999999 999999 999999 14 999999 999999 59 999999 999999 999999 999999 999999 999999 999999 999999 999999 999999 22 52 65 999999 999999 31 56 20 999999 999999 88 45 86 999999 47 61 999999 45 79 62 18 999999 999999 999999 62 25 999999 79 72 0 999999 999999 999999 54 999999 999999 999999 82 999999 13 19 999999 100 42 52 42 999999 48 999999 68 89 29 999999 35 999999 37 83 999999 999999 84 999999 14 93 999999 999999 999999 999999 54 41 99 999999 37 999999 79 50 999999 18 
999999 999999 999999 24 88 999999 999999 999999 999999 31 999999 999999 63 999999 97 18 999999 63 999999 999999 999999 14 999999 999999 999999 10 999999 999999 999999 88 999999 999999 999999 100 999999 26 62 37 39 999999 87 999999 999999 22 999999 999999 43 57 999999 45 999999 13 999999 0 53 999999 999999 79 999999 999999 29 67 83 26 83 38 15 999999 999999 56 999999 74 80 999999 999999 999999 999999 34 999999 999999 47 73 32 53 999999 999999 999999 61 999999 999999 82 999999 999999 999999 14 85 11 999999 999999 43 
999999 999999 999999 79 26 12 30 70 999999 999999 999999 999999 999999 999999 999999 999999 999999 999999 71 999999 999999 47 16 999999 999999 69 90 87 87 999999 86 999999 999999 999999 999999 93 999999 999999 999999 29 999999 27 999999 16 40 999999 999999 26 34 999999 32 999999 999999 999999 0 999999 19 36 29 999999 80 999999 999999 52 999999 999999 999999 44 12 87 44 999999 999999 999999 61 999999 83 999999 92 69 91 999999 999999 999999 28 999999 69 999999 38 70 999999 999999 999999 19 63 55 33 999999 999999 50 
61 999999 13 36 999999 999999 999999 23 999999 42 39 999999 16 999999 83 999999 999999 999999 96 20 999999 999999 79 55 999999 999999 79 34 999999 98 60 999999 31 999999 36 999999 92 99 77 94 999999 22 999999 999999 77 42 999999 13 999999 999999 43 999999 16 26 14 0 19 22 999999 53 99 94 16 70 999999 73 999999 999999 999999 999999 42 94 999999 999999 25 999999 69 999999 76 42 49 53 72 999999 50 66 999999 999999 43 52 999999 97 45 999999 999999 999999 999999 87 37 79 
69 62 999999 999999 999999 64 999999 44 40 35 999999 999999 60 64 999999 90 82 49 10 41 999999 25 53 999999 999999 999999 10 999999 74 72 79 29 75 31 999999 87 47 76 999999 999999 999999 77 92 999999 72 28 31 43 999999 999999 67 999999 999999 51 999999 69 0 999999 24 84 999999 999999 999999 70 38 53 999999 82 36 999999 84 96 19 999999 13 38 71 96 999999 44 34 999999 20 89 87 40 999999 999999 19 999999 999999 78 29 999999 37 999999 999999 999999 31 91 
74 999999 65 999999 92 999999 999999 80 999999 999999 35 999999 999999 13 999999 71 999999 57 999999 56 999999 999999 999999 999999 95 17 999999 100 85 11 999999 17 999999 24 999999 999999 999999 999999 999999 20 999999 12 999999 999999 999999 999999 999999 31 999999 999999 31 999999 999999 49 999999 999999 999999 0 62 999999 999999 999999 73 999999 29 999999 48 42 999999 999999 999999 29 83 999999 999999 999999 65 16 85 77 999999 999999 999999 999999 37 999999 66 999999 84 77 999999 24 62 999999 94 999999 999999 999999 999999 31 
999999 98 32 24 999999 63 999999 66 40 999999 26 87 92 999999 999999 74 999999 999999 999999 999999 61 999999 999999 81 999999 76 999999 999999 999999 75 999999 999999 40 79 60 12 31 999999 999999 999999 999999 999999 36 25 68 29 71 30 999999 999999 35 999999 51 999999 999999 92 999999 42 0 999999 59 72 999999 94 999999 999999 70 28 999999 46 999999 999999 999999 999999 60 999999 98 999999 27 999999 999999 999999 999999 999999 999999 89 999999 80 999999 999999 67 999999 47 64 999999 57 95 999999 10 44 
58 92 58 999999 999999 999999 999999 73 100 67 999999 999999 999999 999999 25 56 39 999999 999999 999999 77 999999 54 100 84 10 34 999999 999999 77 37 75 999999 999999 74 999999 19 999999 999999 94 70 93 34 84 999999 999999 88 100 999999 16 76 999999 95 70 56 97 84 13 78 0 84 69 999999 10 76 86 35 999999 999999 999999 66 10 999999 999999 999999 999999 999999 30 999999 999999 92 66 17 999999 15 50 63 53 999999 999999 11 999999 82 86 999999 36 82 999999 59 999999 
87 27 93 36 999999 37 999999 44 999999 999999 999999 999999 999999 999999 98 61 12 18 999999 71 46 999999 999999 73 25 20 999999 67 36 64 999999 999999 999999 29 999999 999999 24 999999 97 999999 21 999999 20 97 88 999999 999999 999999 999999 21 96 999999 86 44 80 999999 999999 999999 999999 42 0 999999 999999 999999 29 99 999999 46 32 99 999999 26 77 999999 999999 999999 999999 999999 29 999999 999999 17 25 80 999999 999999 999999 79 94 999999 55 18 999999 999999 87 85 999999 61 24 999999 
999999 96 999999 87 999999 40 999999 13 12 999999 999999 85 85 999999 999999 71 59 999999 999999 999999 25 999999 999999 999999 47 999999 100 999999 999999 999999 999999 999999 36 999999 30 999999 47 999999 58 999999 20 71 30 45 27 26 999999 73 56 999999 71 999999 999999 91 37 999999 22 999999 999999 999999 57 0 999999 999999 50 39 999999 999999 25 92 999999 20 999999 999999 999999 999999 999999 100 999999 999999 61 999999 999999 92 999999 999999 97 999999 999999 999999 64 62 999999 999999 999999 999999 999999 60 999999 999999 
52 999999 999999 999999 43 41 999999 31 999999 999999 999999 31 999999 999999 56 66 50 999999 55 94 999999 999999 999999 999999 39 999999 999999 47 999999 68 999999 999999 54 999999 52 77 24 21 93 86 999999 999999 84 999999 84 97 73 41 999999 999999 79 28 999999 85 30 95 69 999999 52 999999 31 999999 0 999999 93 999999 999999 999999 87 49 999999 999999 999999 20 999999 999999 999999 11 999999 999999 999999 999999 22 999999 999999 22 99 16 52 45 999999 999999 999999 999999 999999 49 999999 55 999999 86 
999999 999999 999999 85 75 999999 999999 69 85 999999 999999 16 61 72 999999 999999 999999 999999 70 17 25 999999 92 999999 999999 999999 63 999999 57 999999 999999 999999 66 100 999999 999999 42 999999 999999 26 999999 999999 999999 48 999999 999999 999999 999999 999999 53 59 22 999999 999999 999999 999999 999999 999999 60 57 999999 999999 89 0 999999 999999 999999 29 36 91 999999 68 94 999999 999999 999999 999999 999999 999999 999999 34 44 999999 999999 85 999999 15 999999 999999 30 999999 999999 999999 48 25 79 82 999999 999999 999999 
63 88 999999 34 999999 999999 999999 24 84 88 74 90 37 34 999999 88 999999 42 999999 999999 999999 999999 999999 999999 999999 18 51 999999 97 999999 42 999999 46 85 16 999999 85 999999 999999 999999 30 36 85 52 59 999999 54 999999 97 999999 31 13 96 999999 999999 999999 45 999999 22 43 999999 10 999999 999999 0 60 999999 68 999999 97 999999 80 24 999999 94 48 999999 39 999999 60 999999 57 55 10 99 999999 85 19 999999 43 45 11 999999 999999 17 19 999999 87 45 999999 
999999 68 999999 999999 999999 16 999999 999999 999999 85 999999 999999 89 40 16 72 47 999999 999999 999999 52 999999 78 999999 999999 28 999999 999999 28 999999 999999 999999 18 97 999999 999999 16 71 999999 47 999999 999999 999999 999999 999999 87 67 11 999999 999999 88 999999 76 91 999999 64 43 45 999999 91 999999 83 999999 36 46 0 999999 999999 15 999999 27 999999 77 999999 999999 77 999999 999999 999999 73 24 73 73 36 999999 40 22 66 999999 73 71 999999 31 52 999999 91 999999 999999 25 87 
43 999999 99 43 99 999999 35 999999 24 42 79 77 999999 42 55 999999 75 85 37 83 40 76 55 999999 76 60 14 999999 74 999999 68 999999 999999 14 999999 39 999999 999999 99 83 999999 32 999999 60 85 999999 16 999999 999999 99 999999 999999 999999 79 26 999999 93 999999 56 999999 999999 999999 999999 98 36 34 0 79 30 999999 31 999999 999999 999999 71 43 81 40 18 69 999999 999999 999999 999999 95 999999 999999 999999 35 999999 999999 65 999999 77 76 31 74 48 999999 59 
999999 44 71 80 999999 999999 999999 43 54 14 87 46 999999 999999 61 999999 15 45 83 999999 27 16 999999 12 999999 999999 17 999999 999999 999999 999999 37 80 999999 999999 999999 999999 999999 999999 999999 999999 91 999999 47 43 999999 999999 55 999999 999999 35 23 60 999999 63 41 999999 999999 53 51 999999 999999 999999 82 999999 999999 999999 0 91 999999 999999 13 64 54 75 999999 70 999999 82 97 999999 95 24 46 999999 999999 31 23 999999 31 999999 999999 46 11 999999 999999 999999 999999 999999 10 
999999 999999 999999 999999 999999 55 999999 13 999999 999999 999999 999999 999999 68 86 70 48 999999 999999 68 999999 71 61 60 999999 28 61 999999 78 999999 999999 999999 30 999999 999999 95 100 61 18 999999 999999 999999 999999 999999 999999 99 46 999999 999999 999999 999999 62 999999 36 999999 27 999999 999999 31 86 27 999999 999999 999999 85 15 58 13 0 999999 999999 999999 999999 999999 999999 70 15 999999 83 999999 61 75 999999 999999 17 999999 999999 31 999999 999999 999999 36 90 71 999999 30 83 54 999999 17 
48 999999 45 39 68 39 19 28 999999 999999 90 999999 999999 999999 999999 999999 43 92 999999 999999 999999 51 29 88 999999 999999 999999 999999 11 22 49 99 999999 999999 51 999999 26 67 63 68 12 999999 999999 84 999999 999999 84 999999 11 68 999999 999999 98 999999 67 999999 999999 999999 28 37 54 999999 59 999999 77 999999 999999 999999 999999 0 999999 999999 68 37 999999 999999 90 999999 999999 999999 999999 999999 41 999999 999999 999999 999999 999999 999999 52 58 999999 999999 22 65 999999 18 57 27 66 
999999 999999 999999 12 999999 999999 80 75 999999 10 54 15 16 71 999999 11 999999 27 50 40 999999 999999 999999 13 999999 41 999999 23 52 999999 33 91 60 62 42 999999 999999 999999 999999 999999 999999 999999 999999 999999 19 999999 999999 999999 999999 35 999999 999999 61 999999 93 86 999999 999999 60 999999 999999 999999 999999 999999 999999 999999 83 999999 999999 87 0 999999 999999 20 999999 24 31 19 13 999999 23 999999 999999 999999 67 23 999999 16 999999 55 999999 78 999999 999999 999999 100 29 79 95 82 
999999 999999 999999 999999 999999 999999 999999 80 59 13 999999 999999 85 999999 999999 999999 999999 95 23 53 37 76 91 999999 74 93 92 23 96 999999 92 999999 21 63 16 999999 999999 999999 999999 75 999999 999999 999999 999999 999999 48 999999 999999 999999 999999 93 44 999999 41 26 95 999999 999999 40 86 44 21 79 68 16 999999 49 999999 999999 999999 54 0 999999 39 70 95 45 999999 20 83 999999 999999 77 56 999999 999999 28 70 999999 59 53 999999 999999 999999 999999 999999 24 26 35 98 
41 62 32 999999 999999 42 65 75 24 34 999999 37 999999 999999 62 999999 999999 999999 999999 999999 999999 28 999999 10 47 79 64 999999 999999 999999 24 92 999999 999999 33 62 58 999999 84 71 28 49 999999 999999 999999 999999 67 75 10 999999 999999 999999 999999 999999 81 14 999999 81 80 999999 999999 88 83 75 999999 999999 999999 999999 35 58 63 31 0 999999 35 999999 17 72 999999 999999 999999 999999 999999 999999 999999 999999 999999 999999 15 89 49 12 999999 57 73 99 72 999999 50 999999 
999999 86 999999 86 999999 999999 999999 95 999999 999999 999999 65 64 65 98 11 96 999999 999999 999999 14 99 999999 999999 999999 63 999999 999999 41 999999 999999 37 10 999999 999999 999999 999999 999999 999999 999999 83 97 999999 999999 999999 29 84 999999 999999 97 999999 66 64 999999 999999 999999 33 27 999999 78 67 999999 80 999999 999999 999999 34 999999 999999 999999 999999 999999 21 0 35 65 999999 999999 79 999999 69 31 999999 14 999999 999999 41 999999 999999 93 999999 59 30 66 54 999999 999999 999999 999999 23 
68 999999 44 999999 54 999999 999999 999999 35 86 999999 36 999999 74 77 999999 15 999999 95 31 999999 999999 999999 73 53 18 66 41 999999 60 999999 999999 999999 999999 999999 75 56 999999 999999 81 84 999999 94 89 89 999999 17 999999 78 61 45 999999 56 999999 58 90 66 77 86 52 100 999999 89 999999 999999 87 999999 999999 82 50 42 999999 999999 999999 0 999999 75 999999 46 999999 999999 999999 92 999999 999999 21 17 100 85 37 91 999999 999999 999999 999999 18 999999 999999 999999 999999 
13 999999 999999 84 999999 999999 78 42 17 29 39 999999 999999 999999 999999 999999 999999 32 47 36 49 999999 999999 61 48 19 77 53 999999 999999 48 22 60 63 73 999999 999999 999999 999999 999999 999999 999999 38 999999 999999 92 999999 999999 999999 999999 92 999999 999999 77 999999 50 999999 32 999999 999999 10 37 15 999999 999999 999999 57 999999 77 999999 999999 76 81 49 999999 0 14 65 18 999999 999999 63 999999 999999 68 61 58 999999 11 999999 71 999999 45 999999 88 92 97 999999 999999 999999 
999999 49 999999 59 15 999999 35 999999 55 999999 17 21 999999 999999 999999 27 26 999999 74 30 999999 999999 999999 999999 23 71 15 999999 48 48 999999 76 69 999999 999999 83 39 999999 88 29 999999 999999 999999 999999 999999 46 999999 999999 999999 50 999999 20 999999 999999 21 44 999999 83 82 23 53 85 999999 999999 999999 95 999999 999999 999999 999999 14 85 85 999999 46 14 0 999999 76 999999 86 999999 999999 78 100 999999 76 16 999999 999999 23 999999 999999 95 999999 96 999999 16 20 54 
77 11 999999 999999 999999 999999 999999 62 999999 24 999999 999999 999999 64 19 49 41 999999 25 999999 999999 999999 55 999999 999999 999999 35 999999 52 999999 22 999999 999999 999999 23 999999 68 15 43 999999 85 999999 10 999999 999999 11 14 42 56 27 999999 96 95 999999 10 95 999999 62 80 56 999999 999999 999999 95 90 41 999999 85 27 20 61 999999 10 62 62 999999 36 0 80 21 82 999999 999999 999999 57 999999 999999 75 52 83 12 999999 999999 66 999999 30 15 999999 999999 999999 
43 999999 53 82 31 24 98 999999 999999 999999 45 75 79 999999 54 999999 999999 38 86 999999 999999 55 999999 999999 999999 999999 999999 73 999999 98 999999 72 87 999999 36 39 999999 999999 87 999999 999999 999999 999999 999999 999999 47 999999 999999 999999 48 64 81 17 77 999999 999999 999999 999999 14 999999 999999 84 18 999999 999999 999999 999999 47 41 35 999999 90 70 999999 999999 999999 999999 999999 0 40 999999 21 999999 999999 99 999999 23 999999 54 62 999999 12 999999 999999 94 999999 999999 25 999999 10 
82 82 67 999999 999999 999999 63 999999 999999 999999 999999 999999 62 58 65 23 59 999999 999999 999999 999999 19 999999 999999 999999 88 14 999999 999999 999999 999999 999999 999999 999999 999999 61 999999 999999 999999 95 42 999999 59 999999 999999 999999 999999 84 999999 999999 97 77 89 86 89 80 999999 999999 58 90 56 16 999999 999999 25 999999 41 10 999999 88 999999 999999 46 999999 999999 999999 999999 999999 999999 0 999999 26 65 26 999999 62 14 999999 999999 999999 15 85 28 65 52 39 999999 999999 999999 999999 
999999 90 999999 999999 999999 999999 33 999999 20 999999 999999 21 999999 33 21 92 999999 71 999999 999999 999999 999999 44 999999 999999 999999 999999 77 999999 40 38 59 60 999999 33 999999 999999 10 44 93 68 999999 999999 17 31 999999 60 999999 53 86 23 999999 88 37 89 999999 999999 999999 999999 999999 999999 999999 26 49 40 32 999999 50 999999 15 999999 999999 999999 20 79 64 999999 62 41 999999 0 999999 59 999999 73 95 27 999999 46 999999 44 999999 26 999999 96 39 999999 999999 999999 999999 
999999 999999 47 36 999999 50 999999 42 999999 38 999999 999999 25 55 999999 999999 74 37 86 999999 999999 87 999999 999999 38 999999 52 96 93 51 999999 999999 47 28 74 999999 20 62 999999 999999 42 999999 51 94 999999 34 61 999999 95 57 72 999999 999999 87 999999 64 999999 55 999999 999999 23 63 999999 36 37 37 41 999999 999999 93 72 999999 999999 999999 999999 999999 72 55 999999 999999 999999 0 999999 53 21 999999 999999 47 999999 20 17 999999 90 999999 999999 999999 999999 999999 21 75 
17 999999 999999 999999 999999 999999 100 46 54 999999 999999 999999 999999 59 22 999999 66 27 999999 999999 48 999999 72 22 999999 80 999999 29 999999 999999 999999 999999 18 41 999999 999999 999999 57 999999 82 999999 60 89 65 53 41 999999 999999 999999 12 999999 999999 50 69 999999 999999 999999 999999 999999 999999 51 999999 37 87 66 97 999999 91 39 999999 99 94 999999 90 28 68 999999 999999 40 37 999999 64 0 999999 999999 999999 86 999999 12 999999 999999 29 38 48 999999 999999 999999 63 26 999999 
999999 999999 36 10 999999 10 54 14 96 20 999999 999999 70 999999 999999 61 50 999999 90 34 999999 57 999999 50 15 18 65 999999 999999 999999 43 999999 999999 999999 999999 91 999999 62 999999 999999 91 999999 999999 999999 999999 93 999999 59 98 43 999999 31 89 55 999999 999999 52 60 999999 999999 20 39 43 999999 64 91 75 14 999999 999999 999999 999999 27 999999 999999 999999 999999 18 999999 999999 999999 48 999999 0 999999 999999 999999 84 69 999999 10 19 999999 69 999999 77 999999 999999 74 23 
28 999999 22 67 68 999999 999999 92 66 999999 999999 47 999999 999999 49 999999 87 999999 999999 999999 49 24 999999 999999 999999 77 999999 83 40 999999 40 96 25 11 999999 33 34 52 999999 35 34 999999 999999 999999 999999 22 999999 75 999999 999999 96 999999 99 999999 999999 999999 999999 63 999999 999999 95 69 999999 22 74 999999 82 51 999999 999999 999999 999999 999999 30 10 999999 31 999999 37 999999 999999 999999 85 46 0 999999 999999 999999 999999 21 13 14 94 999999 999999 999999 72 17 79 999999 
999999 999999 999999 88 999999 78 35 14 64 44 55 999999 999999 999999 999999 29 72 999999 80 13 999999 97 83 99 999999 999999 999999 80 33 57 72 38 59 57 24 38 46 98 999999 95 44 36 999999 999999 999999 84 37 19 16 999999 999999 999999 999999 999999 89 999999 999999 999999 47 999999 999999 999999 999999 999999 28 999999 80 36 87 52 999999 999999 999999 84 89 999999 94 999999 999999 999999 65 60 999999 99 59 0 83 999999 999999 999999 999999 999999 999999 44 999999 999999 39 999999 49 999999 
54 999999 999999 27 999999 999999 23 43 999999 999999 28 999999 999999 85 10 68 999999 60 86 23 49 62 999999 999999 999999 45 999999 999999 54 999999 999999 999999 94 999999 999999 85 23 999999 11 999999 26 51 999999 15 30 999999 999999 30 10 999999 999999 999999 26 999999 999999 41 99 50 999999 999999 999999 34 68 999999 999999 80 25 28 44 27 77 28 999999 999999 999999 999999 999999 999999 999999 999999 999999 17 999999 86 86 70 0 999999 99 999999 999999 999999 999999 97 13 999999 999999 999999 89 999999 
98 24 999999 24 16 999999 999999 52 999999 999999 61 93 57 44 88 999999 999999 999999 999999 999999 100 22 999999 32 87 999999 999999 999999 999999 999999 63 87 999999 999999 999999 999999 999999 999999 77 999999 999999 52 36 999999 51 60 19 999999 79 999999 26 81 48 27 999999 999999 94 97 94 999999 999999 999999 999999 999999 999999 85 99 71 34 999999 999999 89 999999 100 34 999999 82 13 999999 97 96 47 999999 70 18 27 28 0 999999 999999 34 39 42 999999 25 34 51 999999 63 999999 
14 999999 55 45 999999 84 27 999999 42 999999 999999 51 100 999999 999999 999999 33 999999 999999 66 29 98 999999 45 999999 999999 999999 20 42 999999 999999 59 999999 999999 16 999999 99 41 999999 64 999999 999999 85 999999 999999 43 999999 999999 74 89 999999 58 93 28 73 999999 999999 999999 999999 62 32 999999 85 999999 999999 999999 71 999999 999999 39 999999 38 34 63 999999 999999 17 999999 999999 999999 999999 999999 999999 999999 92 75 999999 97 0 999999 999999 999999 46 77 999999 999999 73 52 999999 38 
999999 999999 999999 999999 999999 13 999999 79 999999 999999 41 30 34 91 999999 999999 95 999999 23 51 37 999999 44 999999 93 999999 70 999999 999999 66 999999 40 999999 23 89 999999 74 69 999999 999999 999999 999999 19 999999 999999 53 999999 999999 91 77 999999 999999 91 24 999999 42 999999 999999 93 37 51 66 71 77 49 85 999999 999999 999999 97 41 30 999999 999999 999999 999999 999999 36 999999 999999 38 999999 999999 999999 999999 999999 999999 73 999999 0 60 56 999999 18 94 999999 999999 91 65 98 
999999 999999 91 999999 85 999999 25 53 999999 55 999999 46 65 63 999999 74 999999 61 58 65 999999 67 999999 999999 11 999999 91 66 999999 999999 999999 999999 999999 20 39 94 999999 999999 999999 999999 999999 79 999999 67 65 999999 999999 98 999999 999999 55 999999 70 999999 74 16 999999 92 999999 999999 999999 999999 999999 19 999999 70 999999 999999 25 26 25 20 44 999999 999999 81 999999 92 29 999999 999999 999999 53 69 999999 70 62 22 98 999999 0 63 16 999999 999999 95 999999 43 999999 999999 
45 92 999999 21 999999 999999 999999 999999 999999 999999 67 999999 55 16 81 78 37 81 75 999999 999999 47 97 15 76 999999 74 29 62 999999 12 999999 71 999999 43 999999 999999 74 83 64 82 999999 999999 999999 12 999999 22 34 89 999999 999999 999999 65 79 999999 999999 999999 999999 999999 98 11 94 999999 999999 999999 999999 999999 999999 999999 999999 999999 999999 999999 999999 63 999999 91 999999 999999 62 57 15 14 13 47 999999 999999 64 999999 14 51 0 999999 40 18 999999 94 999999 999999 999999 
86 31 999999 999999 999999 999999 999999 999999 54 41 17 79 999999 96 30 999999 99 999999 78 999999 999999 68 999999 999999 999999 31 999999 999999 94 87 89 999999 52 999999 999999 38 73 999999 999999 999999 999999 54 12 35 39 999999 999999 100 73 999999 999999 77 999999 999999 56 12 53 22 999999 25 999999 90 25 999999 34 75 999999 999999 999999 999999 999999 999999 42 999999 24 85 999999 999999 999999 999999 39 999999 999999 999999 999999 999999 999999 999999 999999 999999 75 47 0 89 999999 97 999999 999999 69 999999 
38 999999 65 75 64 44 999999 999999 999999 95 29 68 999999 94 52 73 86 57 100 999999 999999 999999 999999 49 49 999999 999999 999999 999999 999999 100 999999 93 999999 999999 999999 999999 68 999999 999999 79 999999 999999 999999 999999 999999 999999 999999 11 999999 999999 22 999999 22 63 29 999999 65 999999 999999 56 30 999999 22 999999 999999 24 33 999999 999999 999999 48 55 999999 71 26 47 999999 999999 999999 80 82 52 999999 999999 17 86 999999 999999 999999 999999 999999 999999 0 33 53 80 57 999999 22 
999999 999999 89 78 41 77 97 999999 31 41 999999 31 57 60 999999 999999 98 30 56 12 57 999999 43 999999 33 999999 80 999999 93 22 999999 37 39 999999 58 89 999999 38 12 78 999999 999999 95 89 21 77 34 999999 999999 999999 999999 66 31 19 999999 30 85 999999 39 999999 26 999999 23 55 59 60 38 91 69 54 88 39 84 83 999999 999999 999999 999999 91 999999 999999 60 999999 999999 54 52 43 999999 999999 999999 43 999999 14 999999 0 999999 999999 999999 999999 999999 
19 999999 81 43 999999 999999 999999 999999 26 999999 95 999999 999999 999999 16 999999 21 11 999999 98 36 999999 22 82 10 81 999999 28 999999 999999 84 999999 999999 999999 51 100 10 89 999999 73 93 59 999999 999999 999999 59 60 999999 45 999999 41 999999 67 999999 10 41 94 999999 999999 999999 999999 999999 40 999999 999999 40 999999 18 34 31 83 999999 999999 23 999999 999999 89 999999 53 999999 999999 74 64 12 60 46 999999 100 50 45 86 999999 999999 999999 57 0 999999 999999 999999 25 
999999 58 25 999999 999999 71 48 999999 70 999999 999999 999999 25 79 66 999999 75 61 38 999999 48 19 31 70 24 999999 999999 45 69 55 999999 57 999999 91 30 84 999999 999999 999999 999999 75 999999 999999 999999 72 999999 55 999999 47 999999 13 999999 999999 999999 32 17 999999 37 999999 999999 999999 82 999999 70 999999 999999 999999 999999 999999 93 999999 44 999999 11 44 23 13 999999 999999 23 999999 31 55 999999 999999 999999 16 55 26 38 14 69 75 43 16 999999 0 999999 29 71 
999999 96 32 999999 92 84 52 73 999999 999999 57 999999 25 999999 999999 999999 999999 999999 60 999999 19 999999 35 82 999999 999999 999999 80 999999 38 999999 74 43 999999 77 999999 55 999999 999999 75 999999 999999 999999 999999 999999 78 999999 999999 999999 999999 999999 10 45 999999 999999 999999 999999 85 11 48 999999 96 41 999999 999999 999999 94 999999 53 58 999999 999999 94 999999 999999 98 53 87 999999 999999 999999 999999 76 999999 999999 999999 999999 999999 11 999999 44 999999 17 999999 67 64 999999 0 999999 999999 
999999 999999 10 57 999999 999999 51 46 999999 999999 999999 999999 71 999999 999999 999999 999999 999999 999999 74 999999 999999 999999 52 54 27 15 49 11 999999 85 999999 999999 999999 999999 48 999999 999999 69 999999 56 17 80 999999 999999 999999 999999 999999 999999 57 999999 999999 99 17 999999 68 38 95 999999 94 89 40 65 999999 999999 43 36 81 58 88 999999 999999 999999 999999 999999 65 80 999999 999999 36 37 29 67 999999 999999 999999 16 43 999999 999999 89 29 999999 23 19 999999 43 999999 0 999999 
59 999999 83 999999 60 999999 60 50 999999 65 22 86 999999 999999 48 999999 58 999999 80 26 60 999999 73 999999 999999 999999 999999 999999 999999 999999 28 21 64 56 18 91 999999 57 20 32 999999 17 999999 999999 18 999999 76 70 23 82 999999 17 45 17 93 999999 78 999999 999999 24 999999 57 59 999999 999999 94 45 999999 58 999999 999999 999999 999999 28 999999 999999 28 999999 23 18 999999 999999 71 19 999999 999999 999999 999999 98 76 64 16 999999 999999 99 42 999999 999999 100 0 
